$ANSIBLE_VAULT;1.1;AES256
39363165376632313664366132353738633333366463636665616665613562383537323030646563
3761306331366530356432663762303363393138326433390a303836383363616463656336363765
62653937383263343866663466313163383839306663636566386465356139346663653065633833
6362303532303233360a626465633336303933663933653563613961636165646135633662356530
38386331353234643366393335376238303532323732363035633863373562396632643139643264
36363461313637333539313037616330646339636661643764376262356665353834346539663032
62386232663139333634326130636264333534653839663863333964653963323631343137626436
31356633656139303738356437346363343030316131326166313035643232373938633737323764
62613666616364326230336465303339306663616465333566336362343361643262653831316262
36346230353335373764366363666439356662633732343366383933613736633230336165643334
66653363633265313462396637633465323038633661386536663538396235626333323830333163
33323734623132336435643762633462353362363439396566643734653466663830396636383466
63313338366532633161303066356533326336346137646631303739663762363339656330306138
39663131393032393766653466323433376436353031313965653530396461303938376263313562
37336335623134333062386338663734666466383835333061313462396565366266646133613130
33393933623865323434623063613839396332646134333337313665393533356636303039356338
63373234393664383462326536346630383336363161303466393764323436613437363734323835
63336562326165393837366337623639306666353834653066356430343165386331613639396337
34643062656234616130313237363763363663303336666264636263326564653839626664303531
61643336343730383137356465386632343831366437303036643433353432396633363462306138
35636539353131656364363331653335313236636662306537343966383330373734363733663665
32373032333461376463323939353930386262313265313436396536653334366235613136623635
63313138626434353563333362333738373839613564356633666266383661326666363762643565
37313135386433656136383530376431386664316364643932623534623564363836353363346136
38313336623237323164623639343064313530353130653565393936383263376361613531653265
39643965333630613630316536636430303638613731346336386536316336333339393537353439
61653463666339313364633132613333346138303638346262653162393333396463353531346331
32343134623563326462
